Starting parallel pool (parpool) using the 'local' profile ... connected to 4 workers.
    0.0028    0.0037    0.1607    0.1945

    0.0017    0.0025    0.0992    0.1128

    0.0027    0.0033    0.1009    0.1275

    0.0028    0.0036    0.1357    0.1886

    0.0023    0.0031    0.1708    0.2377

    0.0031    0.0040    0.1555    0.1774

    0.0035    0.0048    0.1292    0.1592

    0.0031    0.0039    0.1081    0.1338

    0.0030    0.0037    0.1871    0.2376

    0.0030    0.0042    0.1276    0.1630

    0.0023    0.0034    0.0815    0.1060

    0.0042    0.0052    0.2760    0.3245

    0.0012    0.0016    0.0465    0.0588

    0.0040    0.0050    0.1689    0.2022

    0.0024    0.0037    0.0793    0.1004

    0.0035    0.0040    0.1070    0.1592

    0.0064    0.0084    0.1752    0.2447

    0.0045    0.0056    0.2095    0.2728

    0.0036    0.0046    0.1870    0.2444

    0.0030    0.0036    0.1240    0.1463

    0.0028    0.0037    0.1255    0.1618

    0.0052    0.0064    0.3518    0.4989

    0.0059    0.0068    0.1702    0.1899

    0.0048    0.0060    0.2865    0.3928

    0.0079    0.0096    0.3306    0.4753

    0.0035    0.0049    0.1491    0.1859

    0.0035    0.0043    0.2034    0.2715

    0.0038    0.0048    0.1149    0.1475

    0.0030    0.0045    0.0910    0.1245

    0.0050    0.0057    0.2063    0.2257

    0.0021    0.0030    0.0901    0.1058

    0.0021    0.0027    0.0988    0.1352

    0.0017    0.0020    0.0794    0.1098

    0.0023    0.0030    0.1283    0.1459

    0.0037    0.0044    0.1427    0.1655

    0.0097    0.0126    0.3781    0.5740

    0.0018    0.0025    0.0564    0.0785

    0.0057    0.0090    0.3308    0.4081

    0.0032    0.0039    0.1438    0.1696

    0.0055    0.0073    0.2796    0.3378

    0.0025    0.0030    0.0952    0.1185

    0.0032    0.0036    0.1260    0.1666

    0.0024    0.0030    0.0861    0.1047

    0.0053    0.0072    0.2131    0.2979

    0.0019    0.0025    0.0953    0.1162

    0.0013    0.0019    0.0881    0.1038

    0.0022    0.0029    0.1006    0.1361

    0.0025    0.0033    0.1651    0.1972

    0.0051    0.0058    0.1619    0.1952

    0.0024    0.0034    0.1225    0.1492

    0.0033    0.0046    0.1150    0.1295

    0.0052    0.0059    0.0814    0.1118

    0.0047    0.0064    0.1963    0.2406

    0.0026    0.0034    0.1081    0.1538

    0.0030    0.0043    0.2226    0.3299

    0.0073    0.0086    0.2651    0.3805

    0.0043    0.0053    0.1672    0.2121

    0.0058    0.0073    0.1302    0.1612

    0.0026    0.0032    0.1476    0.1671

    0.0040    0.0051    0.2254    0.2954

    0.0029    0.0041    0.1261    0.1494

    0.0044    0.0059    0.1371    0.1858

    0.0015    0.0021    0.0830    0.1062

    0.0035    0.0043    0.1477    0.1943

    0.0027    0.0035    0.1177    0.1339

    0.0037    0.0046    0.1087    0.1431

    0.0031    0.0038    0.1572    0.1919

    0.0013    0.0019    0.0450    0.0631

    0.0012    0.0018    0.0533    0.0662

    0.0027    0.0033    0.1054    0.1378

    0.0036    0.0044    0.1227    0.1685

    0.0029    0.0037    0.0929    0.1187

    0.0032    0.0038    0.0994    0.1250

    0.0047    0.0056    0.1497    0.1942

    0.0037    0.0046    0.1251    0.1890

    0.0020    0.0027    0.0919    0.1184

    0.0022    0.0027    0.0537    0.0762

    0.0087    0.0124    0.3817    0.4114

    0.0027    0.0034    0.1309    0.1528

    0.0037    0.0043    0.1786    0.2335

    0.0030    0.0036    0.0830    0.1042

    0.0069    0.0091    0.2672    0.3615

    0.0035    0.0043    0.1304    0.1722

    0.0096    0.0119    0.3604    0.4760

    0.0036    0.0046    0.1625    0.2201

    0.0036    0.0044    0.2080    0.2588

    0.0019    0.0023    0.1060    0.1286

    0.0035    0.0048    0.1415    0.1875

    0.0059    0.0066    0.2490    0.3327

    0.0053    0.0065    0.2269    0.2994

    0.0046    0.0058    0.2159    0.2916

    0.0045    0.0057    0.1623    0.2117

    0.0025    0.0037    0.1441    0.2063

    0.0012    0.0018    0.0487    0.0625

    0.0023    0.0032    0.1082    0.1394

    0.0048    0.0080    0.2930    0.3975

    0.0037    0.0048    0.2207    0.2450

    0.0025    0.0029    0.0668    0.0907

    0.0031    0.0043    0.1213    0.1470

    0.0018    0.0024    0.1040    0.1601

    0.0048    0.0070    0.1491    0.1822

    0.0032    0.0043    0.1330    0.1678

    0.0039    0.0046    0.2141    0.2494

    0.0052    0.0065    0.1682    0.1996

    0.0047    0.0059    0.2132    0.2676

    0.0023    0.0031    0.1343    0.1727

    0.0011    0.0014    0.0647    0.0800

    0.0049    0.0066    0.2357    0.2942

    0.0038    0.0048    0.2070    0.2488

    0.0019    0.0025    0.0761    0.0936

    0.0016    0.0025    0.0505    0.0642

    0.0042    0.0054    0.1373    0.2153

    0.0022    0.0028    0.1088    0.1324

    0.0042    0.0048    0.1967    0.2809

    0.0036    0.0053    0.1923    0.2449

    0.0018    0.0029    0.1020    0.1428

    0.0029    0.0035    0.1409    0.1721

    0.0028    0.0034    0.1110    0.1314

    0.0035    0.0044    0.2049    0.2984

    0.0038    0.0052    0.1506    0.1843

    0.0035    0.0043    0.1180    0.1552

    0.0032    0.0042    0.1315    0.1723

    0.0058    0.0072    0.2053    0.3469

    0.0083    0.0092    0.3318    0.3813

    0.0046    0.0059    0.2281    0.2675

    0.0038    0.0047    0.1247    0.1553

    0.0031    0.0036    0.1482    0.1934

    0.0012    0.0016    0.0310    0.0366

    0.0069    0.0078    0.3127    0.4409

    0.0038    0.0047    0.1113    0.1545

    0.0046    0.0051    0.1569    0.2149

    0.0032    0.0043    0.1658    0.2176

    0.0061    0.0072    0.3286    0.3821

    0.0036    0.0043    0.2353    0.3222

    0.0013    0.0017    0.0458    0.0569

    0.0018    0.0031    0.1065    0.1397

    0.0027    0.0035    0.1460    0.1723

    0.0038    0.0044    0.1334    0.1651

    0.0033    0.0041    0.2958    0.3331

    0.0079    0.0090    0.2652    0.3982

    0.0035    0.0042    0.1292    0.1615

    0.0041    0.0050    0.1238    0.1730

    0.0028    0.0036    0.0910    0.1068

    0.0044    0.0051    0.1814    0.2402

    0.0046    0.0057    0.1151    0.1524

    0.0025    0.0032    0.0717    0.0901

    0.0035    0.0042    0.2090    0.2746

    0.0024    0.0032    0.0909    0.1120

    0.0078    0.0095    0.2814    0.3340

    0.0054    0.0074    0.2552    0.3082

    0.0054    0.0072    0.2278    0.2811

    0.0085    0.0130    0.5129    0.5963

    0.0034    0.0042    0.1155    0.1482

    0.0040    0.0050    0.1060    0.1366

    0.0026    0.0034    0.1341    0.1604

    0.0044    0.0051    0.0729    0.1138

    0.0038    0.0049    0.1936    0.2955

    0.0042    0.0051    0.1462    0.1759

    0.0024    0.0029    0.0844    0.1111

    0.0055    0.0065    0.2585    0.3438

    0.0039    0.0056    0.1108    0.1431

    0.0044    0.0056    0.2508    0.3168

    0.0016    0.0023    0.0881    0.1010

    0.0046    0.0067    0.2124    0.2566

    0.0069    0.0081    0.2313    0.3057

    0.0021    0.0029    0.1168    0.1606

    0.0043    0.0051    0.2312    0.3255

    0.0068    0.0076    0.2939    0.3815

    0.0030    0.0042    0.1335    0.1525

    0.0024    0.0032    0.1082    0.1472

    0.0039    0.0045    0.1639    0.2276

    0.0017    0.0024    0.0851    0.1196

    0.0030    0.0040    0.1155    0.1611

    0.0020    0.0027    0.1200    0.1565

    0.0078    0.0092    0.3130    0.5017

    0.0047    0.0055    0.1308    0.1849

    0.0015    0.0020    0.0733    0.1281

    0.0017    0.0020    0.0978    0.1140

    0.0017    0.0021    0.1202    0.1521

    0.0046    0.0057    0.1771    0.2164

    0.0034    0.0041    0.0973    0.1259

    0.0036    0.0052    0.2513    0.3230

    0.0023    0.0027    0.0793    0.1015

    0.0039    0.0045    0.2121    0.2681

    0.0075    0.0087    0.2750    0.4309

    0.0037    0.0044    0.0903    0.1209

    0.0034    0.0046    0.1455    0.1940

    0.0019    0.0023    0.0347    0.0406

    0.0042    0.0054    0.1400    0.2303

    0.0073    0.0086    0.2721    0.3785

    0.0035    0.0044    0.1584    0.2173

    0.0023    0.0034    0.1275    0.1542

    0.0042    0.0050    0.1334    0.1438

    0.0038    0.0047    0.1447    0.2058

    0.0048    0.0057    0.2622    0.3379

    0.0027    0.0035    0.1430    0.1684

    0.0034    0.0044    0.1288    0.1640

    0.0113    0.0120    0.2961    0.4028

    0.0054    0.0059    0.1174    0.1483

    0.0032    0.0037    0.1267    0.1750

    0.0069    0.0085    0.3355    0.5000

    0.0030    0.0038    0.1443    0.1646

    0.0027    0.0042    0.1292    0.1481

    0.0040    0.0050    0.0998    0.1494

    0.0041    0.0055    0.1763    0.2598

    0.0038    0.0049    0.1862    0.2231

    0.0040    0.0054    0.2923    0.4095

    0.0030    0.0049    0.1515    0.1862

    0.0034    0.0047    0.1215    0.1462

    0.0040    0.0047    0.1591    0.2081

    0.0032    0.0041    0.1547    0.2163

    0.0037    0.0062    0.2163    0.3121

    0.0019    0.0030    0.0721    0.0964

    0.0023    0.0030    0.1072    0.1511

    0.0029    0.0036    0.1027    0.1371

    0.0024    0.0031    0.0748    0.0952

    0.0091    0.0113    0.4194    0.4808

    0.0025    0.0030    0.1021    0.1247

    0.0043    0.0056    0.2306    0.2794

    0.0024    0.0033    0.1249    0.1780

    0.0046    0.0056    0.1920    0.2352

    0.0036    0.0045    0.1004    0.1210

    0.0023    0.0034    0.1591    0.1810

    0.0013    0.0016    0.1216    0.1651

    0.0064    0.0080    0.2962    0.3428

    0.0027    0.0036    0.1604    0.2002

    0.0031    0.0039    0.2051    0.2380

    0.0036    0.0053    0.1630    0.1993

    0.0031    0.0038    0.1099    0.1511

    0.0038    0.0053    0.1472    0.1692

    0.0029    0.0035    0.1192    0.1467

    0.0038    0.0049    0.0977    0.1275

    0.0021    0.0027    0.1422    0.1642

    0.0069    0.0076    0.2165    0.3500

    0.0033    0.0044    0.1153    0.1516

    0.0035    0.0043    0.1336    0.2240

    0.0028    0.0041    0.1277    0.1598

    0.0046    0.0054    0.2355    0.2812

    0.0024    0.0030    0.0687    0.0958

    0.0047    0.0064    0.2670    0.3301

    0.0027    0.0034    0.1236    0.1584

    0.0060    0.0082    0.2529    0.3595

    0.0052    0.0063    0.1921    0.2490

    0.0042    0.0051    0.1484    0.1728

    0.0048    0.0058    0.1716    0.2467

    0.0055    0.0065    0.3503    0.4468

    0.0029    0.0035    0.1626    0.1997

    0.0049    0.0053    0.2058    0.2492

    0.0035    0.0046    0.1386    0.1806

    0.0026    0.0034    0.1185    0.1670

    0.0021    0.0028    0.0809    0.1072

    0.0033    0.0045    0.2319    0.2895

    0.0056    0.0066    0.2021    0.2586

    0.0024    0.0030    0.0910    0.1148

    0.0015    0.0020    0.0635    0.0832

    0.0021    0.0028    0.0527    0.0804

    0.0032    0.0040    0.1146    0.1468

    0.0018    0.0022    0.0799    0.0941

    0.0022    0.0033    0.0815    0.1099

    0.0024    0.0029    0.0856    0.0985

    0.0034    0.0048    0.1005    0.1455

    0.0052    0.0069    0.2323    0.3242

    0.0031    0.0035    0.1439    0.1951

    0.0040    0.0048    0.1500    0.1920

    0.0035    0.0046    0.1646    0.2324

    0.0030    0.0040    0.1701    0.1975

    0.0027    0.0033    0.1321    0.1551

    0.0069    0.0090    0.2612    0.3687

    0.0024    0.0032    0.0726    0.0859

    0.0053    0.0063    0.2397    0.3045

    0.0025    0.0031    0.0957    0.1183

    0.0021    0.0030    0.1729    0.2312

    0.0050    0.0072    0.1363    0.1840

    0.0033    0.0039    0.1339    0.1882

    0.0027    0.0032    0.0941    0.1314

    0.0039    0.0047    0.1856    0.2368

    0.0051    0.0072    0.2669    0.3155

    0.0033    0.0041    0.1129    0.1469

    0.0031    0.0043    0.1585    0.2016

    0.0025    0.0029    0.0603    0.0783

    0.0026    0.0040    0.1027    0.1382

    0.0053    0.0065    0.4145    0.6090

    0.0017    0.0021    0.0645    0.0874

    0.0081    0.0106    0.3597    0.4188

    0.0024    0.0032    0.1214    0.1602

    0.0020    0.0027    0.0822    0.1015

    0.0042    0.0052    0.1989    0.2547

    0.0029    0.0036    0.1328    0.1695

    0.0045    0.0058    0.2073    0.3010

    0.0040    0.0052    0.1183    0.1727

    0.0037    0.0044    0.1725    0.2113

    0.0046    0.0053    0.1541    0.2237

    0.0025    0.0033    0.1577    0.2112

    0.0032    0.0040    0.1985    0.2373

    0.0045    0.0060    0.2078    0.2339

    0.0025    0.0029    0.0855    0.1434

    0.0037    0.0048    0.1732    0.2300

    0.0023    0.0028    0.0791    0.0959

    0.0068    0.0087    0.1882    0.2730

    0.0052    0.0059    0.2040    0.2520

    0.0084    0.0115    0.4111    0.4698

    0.0031    0.0043    0.1484    0.1839

    0.0039    0.0050    0.1922    0.2695

    0.0019    0.0024    0.1131    0.1362

    0.0057    0.0074    0.1988    0.2854

    0.0030    0.0041    0.1544    0.2103

    0.0044    0.0062    0.2644    0.3236

    0.0032    0.0039    0.0949    0.1149

    0.0038    0.0065    0.2506    0.3024

    0.0014    0.0021    0.0727    0.0836

    0.0048    0.0057    0.1202    0.1771

    0.0039    0.0044    0.1385    0.1927

    0.0076    0.0087    0.3273    0.4627

    0.0026    0.0031    0.1148    0.1673

    0.0019    0.0025    0.0584    0.0762

    0.0026    0.0036    0.1169    0.1416

    0.0054    0.0071    0.3087    0.3508

    0.0039    0.0061    0.2086    0.3157

    0.0032    0.0044    0.2096    0.2704

    0.0014    0.0018    0.0429    0.0557

    0.0058    0.0077    0.2199    0.3196

    0.0029    0.0040    0.1441    0.1875

    0.0040    0.0049    0.1491    0.1873

    0.0077    0.0093    0.3199    0.4193

    0.0035    0.0047    0.0487    0.0616

    0.0039    0.0050    0.1051    0.1279

    0.0057    0.0072    0.2402    0.3186

    0.0031    0.0037    0.1130    0.1483

    0.0032    0.0043    0.1729    0.2526

    0.0032    0.0046    0.0968    0.1507

    0.0045    0.0058    0.1411    0.1825

    0.0034    0.0042    0.1183    0.1501

    0.0029    0.0035    0.1697    0.1995

    0.0017    0.0022    0.0591    0.0726

    0.0049    0.0062    0.2441    0.3092

    0.0044    0.0053    0.2215    0.2680

    0.0034    0.0043    0.1951    0.2450

    0.0034    0.0042    0.1536    0.1980

    0.0039    0.0056    0.1834    0.2156

    0.0029    0.0040    0.1596    0.1997

    0.0016    0.0020    0.0568    0.0715

    0.0069    0.0082    0.3440    0.4467

    0.0059    0.0067    0.1749    0.2540

    0.0023    0.0028    0.0970    0.1195

    0.0041    0.0050    0.1131    0.1518

    0.0064    0.0075    0.2321    0.3238

    0.0033    0.0042    0.1502    0.1660

    0.0055    0.0068    0.1834    0.2214

    0.0059    0.0079    0.2253    0.3090

    0.0042    0.0050    0.1570    0.2010

    0.0015    0.0020    0.0398    0.0528

    0.0027    0.0035    0.1178    0.1627

    0.0064    0.0071    0.2566    0.3182

    0.0035    0.0042    0.1358    0.1668

    0.0055    0.0068    0.1527    0.1862

    0.0037    0.0044    0.1587    0.2355

    0.0038    0.0046    0.1533    0.2061

    0.0014    0.0018    0.0909    0.1126

    0.0025    0.0038    0.1096    0.1419

    0.0060    0.0070    0.2181    0.2987

    0.0020    0.0025    0.1043    0.1310

    0.0028    0.0032    0.1654    0.1829

    0.0055    0.0062    0.1298    0.1790

    0.0024    0.0032    0.0815    0.0969

    0.0023    0.0027    0.1179    0.1415

    0.0029    0.0038    0.1595    0.1935

    0.0031    0.0036    0.1724    0.2710

    0.0062    0.0098    0.3140    0.3790

    0.0016    0.0024    0.0494    0.0689

    0.0030    0.0034    0.1072    0.1363

    0.0019    0.0027    0.1037    0.1283

    0.0039    0.0047    0.1891    0.2196

    0.0024    0.0032    0.1184    0.1538

    0.0051    0.0064    0.2695    0.3115

    0.0036    0.0046    0.1166    0.1422

    0.0026    0.0033    0.2068    0.2548

    0.0027    0.0034    0.0883    0.1104

    0.0020    0.0029    0.1178    0.1413

    0.0026    0.0034    0.0975    0.1244

    0.0032    0.0046    0.1169    0.1821

    0.0037    0.0042    0.1482    0.2135

    0.0054    0.0067    0.2284    0.2604

    0.0014    0.0019    0.0547    0.0686

    0.0037    0.0048    0.1202    0.1703

    0.0036    0.0050    0.1876    0.2582

    0.0023    0.0027    0.1963    0.2871

    0.0054    0.0066    0.2169    0.2721

    0.0074    0.0084    0.2395    0.3117

    0.0045    0.0054    0.1450    0.2213

    0.0054    0.0069    0.1590    0.2059

    0.0026    0.0033    0.0774    0.1040

    0.0036    0.0044    0.2341    0.2913

    0.0033    0.0038    0.1237    0.1515

    0.0071    0.0083    0.2830    0.3907

    0.0032    0.0047    0.1416    0.1831

    0.0063    0.0094    0.2698    0.3911

    0.0047    0.0062    0.0843    0.1092

    0.0033    0.0045    0.1353    0.1977

	0.0024    0.0029    0.1114    0.1263
	
	0.0034    0.0042    0.1696    0.2251
	
    0.0029    0.0036    0.1537    0.2071

    0.0018    0.0026    0.1086    0.1210

    0.0028    0.0036    0.1009    0.1278

    0.0029    0.0038    0.1762    0.2095

    0.0023    0.0032    0.1792    0.2462

    0.0031    0.0039    0.1099    0.1370

    0.0029    0.0038    0.1477    0.1692

    0.0035    0.0048    0.1254    0.1557

    0.0030    0.0043    0.1341    0.1752

    0.0022    0.0033    0.1017    0.1268

    0.0030    0.0038    0.2050    0.2585

    0.0042    0.0052    0.2764    0.3213

    0.0039    0.0050    0.1622    0.1913

    0.0012    0.0017    0.0534    0.0675

    0.0025    0.0038    0.0746    0.0968

    0.0034    0.0039    0.1096    0.1686

    0.0045    0.0056    0.1987    0.2630

    0.0037    0.0047    0.2059    0.2647

    0.0064    0.0085    0.1610    0.2278

    0.0029    0.0036    0.1223    0.1430

    0.0052    0.0065    0.3598    0.5058

    0.0059    0.0068    0.1658    0.1853

    0.0029    0.0038    0.1350    0.1707

    0.0048    0.0061    0.2999    0.4064

    0.0079    0.0096    0.3307    0.4717

    0.0035    0.0049    0.1442    0.1840

    0.0038    0.0048    0.1116    0.1511

    0.0033    0.0041    0.1938    0.2561

    0.0031    0.0046    0.1049    0.1391

    0.0021    0.0031    0.1042    0.1212

    0.0050    0.0056    0.1904    0.2114

    0.0021    0.0027    0.1077    0.1400

    0.0016    0.0020    0.0778    0.1101

    0.0038    0.0044    0.1409    0.1651

    0.0023    0.0029    0.1478    0.1673

    0.0101    0.0129    0.3901    0.5880

    0.0052    0.0083    0.3170    0.3950

    0.0032    0.0039    0.1518    0.1788

    0.0055    0.0073    0.2664    0.3203

    0.0018    0.0025    0.0672    0.0856

    0.0025    0.0030    0.1130    0.1417

    0.0025    0.0031    0.0903    0.1095

    0.0031    0.0036    0.1226    0.1590

    0.0057    0.0077    0.2358    0.3279

    0.0013    0.0018    0.0915    0.1058

    0.0021    0.0029    0.0837    0.1159

    0.0019    0.0025    0.0914    0.1117

    0.0025    0.0033    0.1602    0.1914

    0.0024    0.0034    0.1316    0.1602

    0.0032    0.0046    0.0985    0.1134

    0.0054    0.0060    0.1616    0.1959

    0.0051    0.0059    0.0742    0.1027

    0.0027    0.0035    0.1125    0.1576

    0.0031    0.0043    0.2307    0.3425

    0.0046    0.0063    0.1929    0.2364

    0.0073    0.0087    0.2659    0.3837

    0.0058    0.0073    0.1208    0.1487

    0.0026    0.0032    0.1613    0.1802

    0.0044    0.0054    0.1858    0.2356

    0.0039    0.0050    0.2141    0.2844

    0.0028    0.0041    0.1142    0.1357

    0.0015    0.0021    0.0827    0.1059

    0.0043    0.0059    0.1537    0.2033

    0.0035    0.0043    0.1677    0.2129

    0.0036    0.0046    0.1011    0.1307

    0.0031    0.0038    0.1501    0.1885

    0.0027    0.0036    0.1199    0.1360

    0.0013    0.0020    0.0586    0.0789

    0.0030    0.0036    0.1190    0.1575

    0.0035    0.0043    0.1038    0.1468

    0.0028    0.0035    0.0875    0.1149

    0.0013    0.0019    0.0605    0.0762

    0.0037    0.0046    0.1289    0.1797

    0.0047    0.0056    0.1352    0.1782

    0.0031    0.0036    0.0958    0.1208

    0.0021    0.0029    0.1021    0.1326

    0.0026    0.0033    0.1233    0.1460

    0.0087    0.0123    0.3655    0.3953

    0.0022    0.0027    0.0652    0.0835

    0.0036    0.0042    0.1726    0.2285

    0.0094    0.0118    0.3558    0.4689

    0.0068    0.0090    0.2592    0.3523

    0.0035    0.0043    0.1184    0.1549

    0.0030    0.0035    0.0816    0.1041

    0.0035    0.0048    0.1444    0.1920

    0.0036    0.0045    0.2237    0.2766

    0.0036    0.0047    0.1732    0.2359

    0.0018    0.0022    0.1121    0.1340

    0.0045    0.0057    0.1743    0.2224

    0.0051    0.0061    0.2176    0.2873

    0.0059    0.0066    0.2345    0.3146

    0.0047    0.0059    0.2136    0.2935

    0.0046    0.0078    0.2937    0.3935

    0.0024    0.0033    0.1227    0.1582

    0.0012    0.0018    0.0594    0.0756

    0.0025    0.0036    0.1360    0.2009

    0.0019    0.0024    0.1062    0.1652

    0.0030    0.0043    0.1195    0.1425

    0.0036    0.0047    0.1998    0.2245

    0.0039    0.0045    0.2275    0.2626